2022-09-26, 185, 50, 14, 24.09
2022-09-26, 185, 50, 14, 24.09
2022-09-26, 185, 50, 14, 24.09
2022-09-26, 185, 50, 14, 24.09
2022-09-26, 185, 50, 14, 24.09
2022-09-26, 185, 50, 14, 24.09
2022-09-26, 185, 50, 14, 24.09
2022-09-26, 185, 50, 14, 24.09
2022-09-26, 185, 50, 14, 24.092022-09-26, 185, 50, 14, 24.09
2022-09-26, 185, 50, 14, 24.09
2022-09-26, 185, 50, 14, 24.09
2022-09-26, 185, 50, 14
2022-09-26, 185, 50, 14, 24.09
2022-09-26, 185, 50, 14, 24.09
2022-09-26, 175, 65, 15, 30.94, 123456789
2022-09-26, 185, 55, 16, 30.05, 123456789
2022-09-26, 185, 55, 16, 30.05, 123456789
2022-09-26, 185, 55, 16, 30.05, 123456789
2022-09-26, 185, 50, 14, 24.09, 123456789
